version    8
size       64 64
name       resources/map/level1.dat
texture    gfx_til_overworld
# x y w h collide auto_tile_mask
tile_def   0 0 0 0 0 0
tile_def   64 0 0 0 0 0
tile_def   128 0 0 0 1 0
tile_def   192 0 0 0 0 0
tile_def   256 0 0 0 0 0
tile_def   0 64 0 0 0 0
tile_def   64 64 0 0 0 0
tile_def   128 64 0 0 0 0
tile_def   192 64 0 0 1 0
tile_def   256 64 0 0 1 0
tile_def   0 128 0 0 1 0
tile_def   64 128 0 0 1 0
tile_def   128 128 0 0 0 0
tile_def   192 128 0 0 0 0
tile_def   256 128 0 0 0 0
tile_def   0 192 0 0 0 0
tile_def   64 192 0 0 1 0
tile_def   128 192 0 0 1 0
tile_def   192 192 0 0 1 0
tile_def   256 192 0 0 1 0
tile_def   0 256 0 0 0 0
tile_def   64 256 0 0 1 0
tile_def   128 256 0 0 1 0
tile_def   192 256 0 0 1 0
tile_def   256 256 0 0 0 0
tiles_start
 11  20  20  11  20  20  11  11  11  11  20  20  20  20  20  20  20  20  20  20  20  20  20  20  20   5   5   5   5   5   5   5   5  20  20  20  20  20  20  20  20  20  20  20  20  20  20  20  20  20  20  20  20  20   1   1  20  20  20  20  20  20  20  20
 20  11  11  11  11  20  11  20  20  11  11  11  20  20  20  20  20  20  20  20  20  20   5   5   5   5   5   5   5   5   5   5   5   5  20  20  20  20  20  20  20  20  20  20  20  20  20  20  20   1  12   1   1   1   1   1  20  20  20  20  20  20  20  20
 11  20  11  20  11  11  11  11  11  11  20   5  20  20  20  20  20  20  20   5   5   5   5   5   5   5   5   5   5   5   5   5   5   5   5  20  20  20  20  20  20  20  20  20  20  20  20   1   1  12   1   1   1   3   3   1  20  20   1  20  20  20  20  20
 20  11  11  11  11  11  11  11  11  20   5   5  20  20  20  20  20  20  20  19  19  19  19  19  19  19  19  19  19  19  19  19  19   5   5   5  20  20  20  20  20  20  20  20  20  20  20  13   1   1   1   1   1   3   3   1   1  12   1   1  20  20  20  20
 11  20  11  11  11  11  11  11  20  20  20   5  20  20  20  20  19  19  19  19  19  19  19  19  19  19  19  19  19  19  19  19  19  19  19   5  20  20  20  20  20  20  20  20  20  20  20  20   1   1   1   3   3   3   3   3   3   1   1   1  20  20  20  20
 11  11  11  11  11  20  11  11  20  20  20   5  20  20  19  19  19  19  19  19  19  19  19  19  19  19  19  19  19  19  19  19  19  19  19  19  19  20  20  20  20  20  20  20  20  20  20  20   1   1   1   3   3   3   3   3   3   3   1   1   1  20  20  20
 20  11  20  11  20  11  11  20  20  20   5   5   5  19  19  19  19  19  19  19  19  19  19  19  19  19  19  19  19  19  19  19  19  19  19  19  19  20  20  20  20  20  20  20  20  20  20  20   1   1   1  12   3   3   3   3   1   1   1   1   1  20  20  20
 20  11  20  11  20  11  11  20  20  20  20  20  19  19  19  19  19  19  19  19  19  19  19  19  20  12   3  20  20  19  19  19  19  19  19  19  19  19  20  20  20   8   9   9   9  10  20  20  13   1   1  12  12   3   3   3   1  12   1   3   1   1  20  20
 11  11  11  11  11  20  20  20  20  20  20  20  19  19  19  19  19  19  19  19  19  20  12  20   3  20  20   3   3   3  12  20  19  19  19  19  19  19  20  20  20  16  17  17  17  18  20  20  20  13   1   1   1   1   1   1   1   1   3   3  12   1  20  20
 20  11  11  11  20  20  20  20  20  20  20  20  19  19  19  19  19  19  19  19   4  13  20  20  20  20  20  20  20  20   3   3  20  19  19  19  19  19  19  20  20  16  17  17  17  18  20  20  20  20   1   1   1   1   1   1   3   3   3   3   1   1  20  20
 20  11  20  20  20  20  20  20   5   5   5  19  19  19  19  19  19  19  19   4   4  13  13  20  20  20  20  20  20  20  20  20  12  19  19  19  19  19  19  20  20  20  20  20  20  20  20  20  20  20   1   9   9   1   3   3   3   3   3   3   1   1  20  20
 20  11  20  20  20  20  20   5   5  19  19  19  19  19  19  19  19  19  19   4  13  20  20  20  20  20  20  20  20  20  20  20  20  20  19  19  19  19  19  20  20  20  20  20  20  20  20  20  20  20  12   0   0   1  12  12   3   3   3   3   1   1  20  20
 11  11  20  20  20  20   5   5  19  19  19  19  19  19  19  19  19  19  19  20  20   3  20  12  20  20  20  20  20  20  20  13  13  12  19  19  19  19  19  20  20  20  20  20  20  20  20  20  20  20   1   0   0  12   1  12   1   3   1   1   1  13  20  20
 20  20  20  20  20   5   5  19  19  19  19  19  19  19  19  19  19  19  19  13  20  12   3  20   3   3   3  20  20  20  20  20  13   4   4   4   4   4   4  13  13  20  20  20  20  20  20  20  20  20  13   6   6  12   1   1   1   3   3   1   1  20  20  20
 20  20  20  20  20   5  19  19  19  19  19  19  19  19  19  19  19  19  19  19  13  20   3   3   3  20  12   3   3  12   3  20  20  13  17  17  17  17  13  20  13  13  20  20  20  20  20  20  20  20  20   6   6  13  13   1   1   1   3   1   1  20  20  20
 20  20  20  20   5   5  19  19  19  19  19  19  19  19  19  19  19  19  19  19  19  13  13  13  13  13  20   3  20  20  13  13  13  19  19  19  19  19  19  20  20  13  13  20  20  20  20  20  20  20  20   6   6   6   6  11   1   1   1   1  13  20  20  20
 20  20  20  20   5   5  19  19  19  19  19  19  19  19  19  19  19  19  19  19  19  19  19  19  19  19  13  13  13  13  19  19  19  19  19  19  19  19  19  13  20  20  13  13  20  20  20  20  20  20  20   6  20   6  11   1   1   1  12   1  20  20  20  20
 20  20  20  20   5   5  19  19  19  19  19  19  19  19  19  19  19  19  19  19  19  19  19  19  19  19  19  19  19  19  19  19  19  19  19  19  19  19  19  19  13  20  13  13  20  20  20  20  20  20   6  20   6  20  13  13  11   1   1   1  20  20  20  20
 20  20  20  20   5   5  19  19  19  19  19  19  19  19  19  19  19   5  19  19  19  19  19  19  19  19  19  19  19  19  19  19  19  19  19  19  19  19  19  19  19  20  13  15  13  20  20  20  20  20  20   6   6  20   6  20  13  13   1   1  20  20  20  20
 20  20  20   5   5  19  19  19  19  19  19  19  19  19  19  19   5   5  13  13  13   5  19  19  19  19  19  19  19  19  19  19  19  19  19  19  19  19  19  19  19  20  20  13  13  20  20  20  20  20  20  20  20   6  20   6  20  20   1   1  20  20  20  20
 20  20  20   5   5  19  19  19  19  19  19  19  19  19  19  13  13  13  13  13  13   5  19  19  19  19  19  19  19  19  19  19  19  19  19  19  19  19  19  19  19  20  13  13  13  20  20  20  20  20  20  20   6  20   6   1   1   1   1   1  20   1  20  20
 20  20  20   5  19  19  19  19  19  19  19  19  19  19  19  13  13  13  13  13  13   5  19  19  19  19  19  19  19  19  19  19  19  19  19  19  19  19  19  19  19  20  13  13  20  20  20  20  20  20  20  20  20  20   1   1   1   1   1   1  20   1   1   1
 20  20  20  19  19  19  19  19  19  19  19  19  19  19  19   5  13   5  13  13  13   5  19  19  19  19  19  19  19  19  19  19  19  19  19  19  19  19  19  19  19  20  13  15  13  20  20  20  20  20  20  20  20   1   1   1   1   1   1   1   1   1   1   1
 20  20  20  19  19  19  19  19  19  19  19  19  19  19  19  19   5  13  13  13   5   5  19  19  19  19  19  19  19  19  19  19  19  19  19  19  19  19  19  19  20  20  13  13  13  20  20  20  20  20  20  20   1   1   1   3   3  12   3  12   1   1   1   1
 20  20  20  19  19  19  19  19  19  19  19  19  19  19  19  19  19  19  19   5   5  19  19  19  19  19  19  19  19  19  19  19  19  19  19  19  19  19  19  19  20  20  13  13  20  20  20  20  20  20  20   1   1   1   1   3   3   3   3   3  12  12   1   1
 20  20  20  19  19  19  19  19  19  19  19  19  19  19  19  19  19  19  19  19  19  19  19  19  19  19  19  19  19  19  19  19  19  19  19  19  19  19  19  20  20  20  13  13  20  20  20  20  20  20   1   1   1   1   1   3   3  12   3   3  12   3   1   1
 20  20  20  20  19  19  19  19  19  19  19  19  19  19  19  19  19  19  19  19  19  19  19  19  19  19  19  19  19  19  19  19  19  19  19  19  19  19  20  20  20  13  13  13  20  20  20  20  20  20   1   1   1   1   1   3   3   3   3   3  12   3   1   1
 20  20  20  20  20  19  19  19  19  19  19  19  19  19  19  19  19  19  19  19  19  19  19  19  19  19  19  19  19  19  19  19  19  19  19  19  20  20  20  20  20  13  13  13  20  20  20  20  20  20   1   1   1   1   3   3   3   3   3   3   3   3   1   1
 20  20  20  20  20  20  19  19  19  19  19  19  19  19  19  19  19  19  19  19  19  19  19  19  19  19  19  19  20  20  19  19  20  20  20  20  20  20  20  20  20  13  20  20  20  20  20  20  20   1   1   1   1   3   3   3   1   3   3   3   3   1   1  20
 20  20  20  20  20  20  20  20  20  20  20  20  20  20  19  19  19  19  19  19  19  19  19  19  20  20  20  20  20  20  20  20  20  20  20  20  20  20  20  13  13  13  20  20  20  20  20  20  20   1   1   1   1   3   3   1   1   3   1   3   3   1   1  20
 20  20  20  20  20  20  20  20  20  20  20  20  20  20  20  20  20  20  20  20  20  20  20  20  20  20  20  20  20  20  20  20  20  20  20  20  20  20  13  13  13  13  20  20  20  20  20  20   1   1   1   1   3   3   3   1   3   3   1   3   1   1  20  20
 20  20  20  20  20  20  20  20  20  20  20  20  20  20  20  20  20  20  20  20  20  20  20  20  20  20  20  20  20  20  20  20  20  20  20  20  20  20  13  15  13  20  20  20  20  20  20  20   1   1   1   1   3   3   3   3   3   3   1   1   1   1  20  20
 20  20  20  20  20  20  20  20  20  20  20  20  20  20  20  20  20  20  20  20  20  20  20  20  20  20  20  20  20  20  20  20  20  20  20  20  20  13  13  13  13  20  20  20  20  20  20   1   1   1   1   3   3   3   1   3   3   1   1   1   1  20  20  20
 20  20  20  20  20  20  20  20  20  20  20  20  20  20  20  20  20  20  20  20  20  20  20  20  20  20  20  20  20  20  20  20  20  20  20  20  13  13  15  13  20  20  20  20  20  20   1   1   1   3   3   3   3   3   3   3   3   3   1  12   1  20  20  20
 20  20  20  20  20  20  20  20  20  20  20  20  20  20  20  20  20  20  20  20  20  20  20  20   4   4   4   4   4   4  20  20  20  20  20  20   4  13  13  13  20  20  20  20  20   1   1   1   3   3   3   3   3   3   1   3   3   3   3   1   1  20  20  20
 20  20  20  20  20  20  20  20  20  20  20  20  20  20  20  20  20  20  20  20   4   4   4   4   4  20  20  20  20   4  20  20  20  20  20  20   4   4  13  20  20  20  20  20   1   1   1   3   3   3   3   3   3   3   3   1   1   1   3   1   1   1  20  20
 20  20  20  20  20  20  20  20  20  20  20  20  20  20  20  20  20  20  20  20   4  16   9  18   4  20  20   8  10   4  20  20  20  20  20  20   4   4  20  20  20  20  20   1   1   1   1   3   3   3   1   1   3   3   1   1   3   1   3   3  12   1  20  20
 20  20  20  20  20  20  20  20  20  20  20   8   9  10  20  20  20  20  20  20   4  16  18  18   4  20  20  16  18   4  20  20  20  20  20  20   4   4  20  20  20  20  20   1   1  12   1   3   3   1   1   3   3   3   1   1   3   3   3   3  12   1  20  20
 20  20  20  20  20  20  20  20  20  20  20  17  17  17  20  20  20  20  20  20   4   4   4   4   4   4   4   4   4   4  20  20  20  20  20  20   4   4  20  20  20  20   1   1   1   1   1   3   3   1  12   3   3  12   1   3   3   3   3   3   1   1  20  20
 20  20  20  20  20  20  20  20  20  20  16  17  17  17  18  20  20  20  20  20  20  20   4  20  20  20  20  20  20   4  20  20  20  20  20  20   4   4  20  20  20  20   1   1   1   1   3   3   1   1   3   3  12   1   1   3   3   3   3   3   1   1  20  20
 20  20  20  20  20  20  20  20  20  20  16  18  18  18  18  20  20  20  20  20  20  20   4  20  20   9   9   9  20   4  20  20  20  20  20  20   4   4  20  20  20  20   1   1   1   3   3   3   3   3   3  12  12   1  13   3  12   3   3   3   1   1  20  20
 20  20  20  20  20  20  20  20  20  20  20   4   4   4  20  20  20   8   9  10  20  20   4  20  20  16  18  18  20   4  20   8  10  20  20  20   4   4  20  20  20   1   1   1   3   3   3   1   1   3   3  12   1  13  20   3   3   3   3   1   1   1   1  20
 20  20  20  20  20  20  20  20  20  20  20   4   4   4   4   4   4   4   4   4   4   4   4   4   4   4   4   4   4   4   4   4   4   4   4   4   4   4  20  20  20   1   1   1   3   3   1   1   1  12  12  12  13  20  20   1   3   3   3   1   1   1   1  20
 20  20  20  20  20  20  20  20  20  20  20   4   4   4   4   4   4   4   4   4   4   4   4   4   4   4   4   4   4   4   4   4   4   4   4   4   4   4  20  20   1   1  12   1   3   1   1   1   1   1   1   1  20  20  20   1   3   3   3   3   1   1   1   1
 20  20  20  20  20  20  20  20  20  20  20   4   4   4  20  20  20  20  20  20  20  20  20  20  20   4  20  20  20  20  20  20  20  20  20  20   4   4  20   1   1   1   1   1   1   1   3   3   1   1   1  13  20  20  20   1  12   3   3   3   1   1   1   1
 20  20  20  20  20  20  20  20  20  20  20   4   4   4  20  20  20  20  20  20  20  20  20  20   4   4   4  20  20  20  20  20  20  20  20  20   4   4  20   1   1   1   1   1   1   1   1   3   1   1  12  20  20  20  20  13   1   3   3   3   1   1   1   1
 20  20  20  20  20  20  20  20  20  20  20   4   4   4  20  20  20  20  20  20  20  20  20   4   4   4   4   4  20  20  20  20  20  20  20  20   4   4  20  13  13   1   1   1  12   1   1   3   3   3   3  20  20  20  20  20   1  12   3   3   1   1   1   1
 20  20  20  20  20  20  20  20  20  20  20   4   4   4   4   4   4   4   4   4   4   4   4   4   4   4   4   4   4   4   4   4   4   4   4   4   4   4  20  20  20  13  13  13  13   1   1   1   3   3   3   1  20  20   1   1   1   1   3   3   1   1   1   1
 20  20  20  20  20  20  20  20  20  20  20   4   4   4   4   4   4   4   4   4   4   4   4   4   4   4   4   4   4   4   4   4   4   4   4   4   4   4  20  20  20  20  20  20  20   1   1   3   3   3   3   3   3   3  12   1   1   1  12   3   1   1   1   1
 20  20  20  20  20  20  20  20  20  20  20   4   4   4  20  20  20  20  20  20  20  20  20  20  20  20  20  20  20  20  20  20  20  20  20  20  20  20  20  20  20  20  20  20  20  13   1   3   3   3   3   3   1   3   3   1   1   1   1   1   1   1   1  13
 20  20  20  20  20  20  20  20  20  20  20   4   4   4  20  20  20  20  20  20  20  20  20  20  20  20  20  20  20  20  20  20  20  20  20  20  20  20  20  20  20  20  20  20  20   1   1   3   3   3   1   3   1   3   3   3   3   3   1   1   1   1   1  20
 20  20  20  20  20  20  20  20  20  20  20   4   4   4  20  20  20  20  20  20  20  20  20  20  20  20  20  20  20  20  20  20  20  20  20  20  20  20  20  20  20  20   1   1  20   1   1   3   3   1   1   3   1   3   3   3   3   3   1   1  13  13  13  20
 20  20  20  20  20  20  20  20  20  20  20  20  20  20  20  20  20  20  20  20  20  20  20  20  20  20  20  20  20  20  20  20  20  20  20  20  20  20  20  20  20   1   1   1   1   1   1   1   1   1   1   3   1   3   3   3   1   1   1  13  20  20  20  20
 20  20  20  20  20  20  20  20  20  20  20  20  20  20  20  20  20  20  20  20  20  20  20  20  20  20  20  20  20  20  20  20  20  20  20  20  20  20  20  20   1   1   1   1   1   3   3   3   1   3   3   3   3   3   3   3   1   1   1  20  20  20  20  20
 20  20  20  20  20  20  20  20  20  20  20  20  20  20  20  20  20  20  20  20  20  20  20  20  20  20  20  20  20  20  20  20  20  20  20  20  20  20  20   1   1   1   1   1   1   3   3   3   3   3   1   3   3   3   1   3   1  12   1  20  20  20  20  20
 20  20  20  20  20  20  20  20  20  20  20  20  20  20  20  20  20  20  20  20  20  20  20  20  20  20  20  20  20  20  20  20  20  20  20  20  20  20  20  13   1   1   3   3   3   3   3   3   3   3   3   1   1   1   1   1   1   1   1  20  20  20  20  20
 20  20  20  20  20  20  20  20  20  20  20  20  20  20  20  20  20  20  20  20  20  20  20  20  20  20  20  20  20  20  20  20  20  20  20  20  20  20  20  20  13  13   1   3   3   3   3   3   3   3   3   3   3   3  12   1  13   1  13  20  20  20  20  20
 20  20  20  20  20  20  20  20  20  20  20  20  20  20  20  20  20  20  20  20  20  20  20  20  20  20  20  20  20  20  20  20  20  20  20  20  20  20  20  20  20   1   1   1   1   1  12   1   1   1   3   3  12   1   1  13  20  13  20  20  20  20  20  20
 20  20  20  20  20  20  20  20  20  20  20  20  20  20  20  20  20  20  20  20  20  20  20  20  20  20  20  20  20  20  20  20  20  20  20  20  20  20  20  20  20   1   1   1   1   1   1   1   1   1   1   1   1   1  13  20  20  20  20  20  20  20  20  20
 20  20  20  20  20  20  20  20  20  20  20  20  20  20  20  20  20  20  20  20  20  20  20  20  20  20  20  20  20  20  20  20  20  20  20  20  20  20  20  20  20  13  13  13  13  13   1   1  13  13   1   1   1  13  20  20  20  20  20  20  20  20  20  20
 20  20  20  20  20  20  20  20  20  20  20  20  20  20  20  20  20  20  20  20  20  20  20  20  20  20  20  20  20  20  20  20  20  20  20  20  20  20  20  20  20  20  20  20  20  20  13  13  20  20  13  13  13  20  20  20  20  20  20  20  20  20  20  20
 20  20  20  20  20  20  20  20  20  20  20  20  20  20  20  20  20  20  20  20  20  20  20  20  20  20  20  20  20  20  20  20  20  20  20  20  20  20  20  20  20  20  20  20  20  20  20  20  20  20  20  20  20  20  20  20  20  20  20  20  20  20  20  20
 20  20  20  20  20  20  20  20  20  20  20  20  20  20  20  20  20  20  20  20  20  20  20  20  20  20  20  20  20  20  20  20  20  20  20  20  20  20  20  20  20  20  20  20  20  20  20  20  20  20  20  20  20  20  20  20  20  20  20  20  20  20  20  20
 20  20  20  20  20  20  20  20  20  20  20  20  20  20  20  20  20  20  20  20  20  20  20  20  20  20  20  20  20  20  20  20  20  20  20  20  20  20  20  20  20  20  20  20  20  20  20  20  20  20  20  20  20  20  20  20  20  20  20  20  20  20  20  20
tiles_end
# x y z wait_for
path_node  1312.000000 2464.000000 0.000000 0.000000
path_node  1424.000000 2480.000000 0.000000 0.000000
path_node  1424.000000 2720.000000 0.000000 0.000000
path_node  880.000000 2720.000000 0.000000 0.000000
path_node  800.000000 2640.000000 0.000000 3.000000
path_node  800.000000 3024.000000 0.000000 0.000000
path_node  1488.000000 3024.000000 0.000000 0.000000
path_node  1536.000000 2960.000000 0.000000 0.000000
path_node  1728.000000 2960.000000 0.000000 0.000000
path_node  1776.000000 3024.000000 0.000000 0.000000
path_node  2320.000000 3024.000000 0.000000 0.000000
path_node  2320.000000 2752.000000 0.000000 0.000000
path_node  2048.000000 2704.000000 0.000000 1.000000
path_node  1888.000000 2704.000000 0.000000 0.000000
path_node  1888.000000 2464.000000 0.000000 0.000000
path_node  1488.000000 2464.000000 0.000000 0.000000
path_node  1440.000000 2448.000000 0.000000 2.000000
path_node  1568.000000 2448.000000 0.000000 0.000000
path_node  1568.000000 2272.000000 0.000000 0.000000
path_node  1312.000000 2272.000000 0.000000 0.000000
path_node_indices 0 1 2 3 4 5 6 7 8 9 10 11 12 13 14 15 16 17 18 19
# node_offset node_count
path       0 20
