 -1835942949 4

8 8 2 "map_cave" 16 16 "Echo Cave" "mus_ambient_cave" 2
 256 2 2 2 2 2 2 2 2 3 3 2 2 2 2 2 2 2 2 2 2 2 2 2 2 3 3 2 2 2 2 2 2 2 2 2 2 2 2 2 2 2 3 3 2 2 2 2 2 2 2 2 3 3 3 2 2 2 2 3 3 2 2 2 2 2 2 3 3 3 3 3 2 2 2 3 3 2 2 2 2 2 2 2 2 3 3 3 2 2 2 3 3 2 2 2 2 2 2 2 2 2 3 3 2 2 2 3 3 3 2 2 2 2 2 2 2 2 3 3 2 2 2 3 3 3 2 2 2 2 2 2 2 2 3 3 2 2 2 2 2 2 2 2 2 3 2 2 2 2 3 3 2 2 2 2 2 2 2 2 2 3 3 3 3 3 3 2 2 2 2 3 3 3 2 2 2 2 2 2 2 2 2 2 2 2 2 3 3 3 2 2 2 2 2 2 2 2 2 2 2 2 2 3 3 2 2 2 2 2 2 2 2 2 2 2 2 2 2 3 3 2 2 2 2 2 2 2 2 2 2 2 2 2 2 3 3 2 2 2 2 2 2 2 2 2 2 2 2 2 2 3 3 2 2 2 2
 256 19 0 18 0 0 0 16 0 0 0 0 0 0 0 0 0 0 0 0 0 0 0 0 0 0 0 7 0 0 0 0 0 18 0 0 7 7 7 0 21 0 0 0 7 0 0 0 0 0 0 7 0 0 0 7 0 0 0 0 0 0 0 0 0 0 0 0 0 0 0 0 0 0 0 0 0 0 0 0 0 0 0 0 0 0 0 0 0 0 0 0 0 7 0 0 0 0 0 0 0 0 0 0 0 0 0 0 0 0 0 0 0 0 0 17 0 0 0 0 0 0 0 0 0 0 0 0 0 7 0 0 0 0 0 0 0 0 0 0 0 0 0 0 0 0 7 7 7 7 0 0 0 0 0 7 7 7 0 0 0 0 0 0 0 0 0 0 0 0 0 0 0 0 0 0 0 0 0 0 0 0 0 0 0 0 0 0 0 0 0 0 0 0 0 0 0 0 0 0 0 0 0 0 0 0 0 0 0 0 0 0 0 0 0 0 0 0 0 0 0 0 0 0 0 0 0 0 0 0 0 0 0 0 0 0 0 0 0 0 0 0 0 0 0 0 0 0 0 0 0 0 0 0 0 0 0
 6
 2 0 0 19 0 1 20
 3 7 2 21 0 1 22
 4 6 0 16 1
 5 2 0 18 "I have heard that the
[Sorcerer's Stone](# ""A blue, glowing magical stone"")
is somewhere nearby
this place. -Sign Painter"
 5 0 2 18 "Kings of Leon
Sex on Fire
but you're in a
bathroom at a party"
 6 2 7 17 1 51 12 0
 0
 0

# EOF marker
-1